1598522739
1716215878
1696136210
1695561872
1658142068
1654033873
1641433878
1637379545
1627121415
1620682693
1608788779
1608547619
1583933640
1437623856
1379198902
1376707835
1354278121
1328335124
1098368826
1052152760
1031642554
1787576372  ok
1787070651  ok
1786068540  ok
1783104899  ok
    1771435539  ok
    1767299677  ok
    1756563112  ok
1754120183  ok
    1753831264  ok
    1753775339  ok
    1753768998  ok
    1753677544  ok
1752592032  ok
    1728889814  ok
    1728729678  ok
    1726510429  ok
    1726345775  ok
1721093891  ok
1715567968  ok
1694939760  ok
1679829025  ok
1659849723  ok
1659584609  ok
1658262110  ok
1649648123  ok
1635113517  ok
1633694190  ok
1623173386  ok
1601002844  ok
你用你有Q币的Q号加 9758384 和 89052773 ， 805490859
1519439887
1511913596
1511169687
1508079640
1508024694
1505915449
1500658705
1499043869
1484956937
你用你有Q币的Q号加 9758384 和 89052773 ， 805490859
1484381145
1484145203
1484143977
1476135834
1468194054
1468108834
1466527185
1464424068
1462478064
你用你有Q币的Q号加 9758384 和 89052773 ， 805490859
1455297879
1452538682
1448946170
1448567240
1448512337
1443633783
1440582889
1440562369
1436683050
你用你有Q币的Q号加 9758384 和 89052773 ， 805490859
1429541959
1426787433
1421715415
1411716839
1411194970
1397141056
1394968613
1394088489
1375922133
你用你有Q币的Q号加 9758384 和 89052773 ， 805490859
1326976920  ok
1324812473  ok
1319233029  ok
1310244780  ok
1301521767  ok
1301221841  ok
1260813164  ok
1208764835  yes
    1196626182  yes
1065149989  yes
    1043730161  ok
1033658272  ok
1031353306  ok
    1015894465  ok
    1014283343  ok
996279516   ok
980987056   ok
963889474   ok
    944173857   ok
937831473   ok
    936232738
928561145
874815789
810965427
461382105
    419763262
348806896
	326150641              15133600586
347399622
342525777
471829557
876231896
467168718
394507454
    501977094
332451233
374603610
353641081
    627760707
	342160245
    814753718
    814445272
805490859                  18810776836
    674706729
960515933
	348477539
304554977
303914255
243720708
    120471708              15133606783